Nzi = 151
Nt = 70000
Ne = 128
Lz = 15.000000
Lzi = 15.000000
Tend = 700.000000
Delta = 0.600000
I0 = 0.010000
dz = 0.100000
dt = 0.010000
tol = 1e-09
INTT = 1
INTZ = 1
a0 = 0.100000
