Nzi = 1500
Nt = 177660
Ne = 128
Lz = 15.000000
Lzi = 15.000000
Tend = 1000.000000
Delta = 0.590000
I0 = 0.010000
dz = 0.100671
dt = 0.005629
tol = 1e-09
INTT = 1
INTZ = 1
a0 = 0.100000
